$ 1 0.000005 10.20027730826997 50 5 50 5e-11
151 224 176 528 176 0 2 5 5
w 224 192 224 160 0
L 224 160 32 160 0 0 false 5 0
M 528 176 672 176 0 2.5
x 42 67 364 70 4 24 Goeun\sLee\s(Calla)\s/\sOct-06-22
x 43 133 147 136 4 24 NOT\sgate
x 43 291 147 294 4 24 AND\sgate
151 176 384 432 384 0 2 0 5
151 432 368 752 368 0 2 5 5
w 432 352 432 384 0
L 176 368 48 368 0 1 false 5 0
L 176 400 48 400 0 1 false 5 0
M 752 368 896 368 0 2.5
x 48 514 137 517 4 24 OR\sgate
151 112 560 288 560 0 2 5 5
151 112 640 288 640 0 2 5 5
151 288 608 432 608 0 2 0 5
w 288 560 288 592 0
w 288 624 288 640 0
w 112 544 112 576 0
w 112 624 112 656 0
L 112 544 48 544 0 0 false 5 0
L 112 624 48 624 0 0 false 5 0
M 432 608 528 608 0 2.5
151 736 80 960 80 0 2 5 5
151 960 192 1168 192 0 2 5 5
151 1168 128 1328 128 0 2 0 5
w 960 80 960 176 0
w 736 96 736 208 0
w 736 64 736 32 0
L 736 32 640 32 0 0 false 5 0
L 736 208 640 208 0 0 false 5 0
w 736 32 960 32 0
w 736 208 960 208 0
151 960 48 1168 48 0 2 5 5
w 960 64 960 80 0
w 1168 48 1168 112 0
w 1168 144 1168 192 0
M 1328 128 1360 128 0 2.5
x 1200 202 1305 205 4 24 XOR\sgate
151 736 512 912 512 0 2 5 5
151 736 608 912 608 0 2 5 5
151 912 560 1088 560 0 2 0 5
151 1088 576 1248 576 0 2 5 5
w 1088 560 1088 592 0
M 1248 576 1328 576 0 2.5
w 912 544 912 512 0
w 912 576 912 608 0
w 736 528 736 496 0
w 736 592 736 624 0
L 736 496 608 496 0 0 false 5 0
L 736 592 608 592 0 0 false 5 0
x 1213 536 1319 539 4 24 NOR\sgate
